Car 0 0 4.6669410114388885 768.12085 747.97583 1002.4884040000001 1021.312134 1.688849 4.234148 1.804866 -0.8819495516233096 2.8953843521790024 21.46221178229285 -0.02090180743721963
Car 0 2 1.7132049465649037 537.003235 129.776245 566.351257 157.738037 1.528294 4.310337 2.020647 -33.328591873556334 -28.412114486707786 173.37066552019755 -3.124081467350504
Car 0 0 -1.5653797595952301 840.910278 325.771698 939.458007 443.844879 1.984082 4.571132 1.939208 -1.4597153684581072 -2.6631098031012668 46.65140313581139 0.0388277025095219
Car 0 0 -1.5514922842707104 742.326355 145.181198 776.1932370000001 180.11795 1.785853 4.377283 1.911703 -12.682089755150056 -20.945567572722865 134.50046827972872 -0.009269784349501603
Motorcyclist 0 0 4.674842098522565 887.250793 167.996002 905.1947630000001 203.949646 1.672734 1.754379 0.529791 -3.44209662571358 -16.470410166202925 111.61942889944046 -0.0030322111751362717
Car 0 0 -1.5623483740764919 894.659302 192.236069 948.35376 239.52072199999998 1.651805 4.245745 1.823661 -2.0744662700321657 -12.30245666249644 91.58862887154407 0.05031164125617026
Trafficcone 0 0 3.5891132314464436 1331.449951 294.689697 1340.6091310000002 310.10672 0.44962 0.222651 0.219005 10.35971527224232 -6.069461457834561 61.40834019294974 -0.8861011511218699
Car 0 0 1.8616468166392441 211.584747 254.128204 301.793823 317.809997 1.58761 4.57856 2.002337 -22.56602826435825 -6.342838921004163 67.53999353490286 -3.1084151885785167
Trafficcone 0 0 4.1024536776262055 1241.356323 287.517853 1249.868042 301.202942 0.393784 0.258348 0.18615 8.047659840988533 -6.5939597659038 64.07250234460521 -0.41476853495445914
Car 0 1 4.709589673079833 777.143066 271.808533 843.879516 337.971649 1.503798 4.2154 1.874583 -4.390414891235553 -6.07770137919595 62.974634550515304 -0.0070001806763275555
Car 0 1 1.7731603509315175 462.032532 163.720047 502.709412 197.77861 1.422646 4.379472 1.880285 -26.70736057312631 -17.936692775729945 122.30703894923853 -3.089732051524637
Trafficcone 0 0 3.4008973660481474 1484.218994 301.777435 1493.920288 320.284851 0.365403 0.278439 0.215041 13.92612343182919 -5.631366622481028 58.858360021719406 -1.0102553142580815
Trafficcone 0 0 4.368320226626967 1173.750732 272.711395 1182.2017819999999 290.742523 0.448666 0.206246 0.209143 6.598687863648057 -7.383986054362884 67.63837057883407 -0.1789692557829332
Car 0 0 -1.492439335436994 352.213623 709.656189 622.050659 1059.0161130000001 2.041044 4.559657 1.877645 -4.056301335660896 3.0519587280884264 21.037630293620072 -0.04612096574272841
Car 0 0 -1.39907314861604 730.152344 187.649612 774.882447 230.827285 1.679892 4.413034 1.875433 -9.312170958672386 -13.828439367188246 99.56277064046868 0.14151448995393795
Car 0 0 -1.523657868931706 821.516785 209.794785 874.700928 257.488007 1.553817 4.597573 1.977554 -4.7396739368956124 -10.854466403844034 85.0099652285325 0.05586356249819718
Car 0 0 -1.3457988660114772 98.036835 696.638428 355.456085 918.447144 1.446576 4.359478 1.970789 -7.049763254276547 2.961105807417854 21.61757908202802 -0.0245684483504741
Car 0 0 1.7979275645395674 305.414154 198.309235 363.55011 246.641312 1.537114 4.284989 2.058519 -27.695496271911075 -12.195997315729105 94.58783424463807 -3.134120934236738
